[gd_scene load_steps=10 format=3 uid="uid://bota3ppynjsu1"]

[ext_resource type="Material" uid="uid://o7na8drc2je2" path="res://addons/verlet_rope_4/materials/rope_default.material" id="2_dar0o"]
[ext_resource type="Script" uid="uid://bmd7t8mvpjqwr" path="res://addons/verlet_rope_4/VerletRopeSimulated.cs" id="2_lows4"]
[ext_resource type="Script" uid="uid://d36wx6t8jmjcx" path="res://demo/MovingRopeDemo.cs" id="2_vutyd"]

[sub_resource type="ProceduralSkyMaterial" id="ProceduralSkyMaterial_3bmw0"]
sky_horizon_color = Color(0.64625, 0.65575, 0.67075, 1)
ground_horizon_color = Color(0.64625, 0.65575, 0.67075, 1)

[sub_resource type="Sky" id="Sky_buv6g"]
sky_material = SubResource("ProceduralSkyMaterial_3bmw0")

[sub_resource type="Environment" id="Environment_2p4hb"]
background_mode = 2
sky = SubResource("Sky_buv6g")
tonemap_mode = 2
glow_enabled = true

[sub_resource type="StandardMaterial3D" id="StandardMaterial3D_711ah"]
albedo_color = Color(0.227451, 0.227451, 0.227451, 1)

[sub_resource type="StandardMaterial3D" id="StandardMaterial3D_pbhg3"]
albedo_color = Color(0.529412, 0.12549, 0.133333, 1)

[sub_resource type="ImmediateMesh" id="ImmediateMesh_dar0o"]
resource_local_to_scene = true
metadata/verlet_rope_internal_stamp = 2201858686341

[node name="Demo" type="Node3D"]

[node name="WorldEnvironment" type="WorldEnvironment" parent="."]
environment = SubResource("Environment_2p4hb")

[node name="Camera3D" type="Camera3D" parent="."]
transform = Transform3D(0.991894, -0.0537, 0.11516, 0, 0.906308, 0.422618, -0.127065, -0.419193, 0.898962, 3.75437, 3, 8.8228)

[node name="DirectionalLight3D" type="DirectionalLight3D" parent="."]
transform = Transform3D(0.952619, -0.233005, 0.195514, 0.0514738, 0.757012, 0.651371, -0.299779, -0.610444, 0.733137, 0, 4, 0)
light_color = Color(0.976471, 0.956863, 0.976471, 1)
light_energy = 1.5
shadow_enabled = true

[node name="Ground" type="CSGBox3D" parent="."]
transform = Transform3D(1, 0, 0, 0, 1, 0, 0, 0, 1, 0, -0.1, 0)
material_override = SubResource("StandardMaterial3D_711ah")
use_collision = true
size = Vector3(20, 0.2, 20)

[node name="PillarRope" type="Node3D" parent="."]
transform = Transform3D(1, 0, 0, 0, 1, 0, 0, 0, 1, 2.3697, 0, 1.81553)

[node name="Pillar" type="CSGBox3D" parent="PillarRope"]
transform = Transform3D(0.707107, 0, 0.707107, 0, 1, 0, -0.707107, 0, 0.707107, 1.06294, 1.4665, -0.975477)
material_override = SubResource("StandardMaterial3D_pbhg3")
use_collision = true
size = Vector3(0.2, 3, 0.2)

[node name="PillarEnd" type="Node3D" parent="PillarRope/Pillar"]
transform = Transform3D(1, 0, 0, 0, 1, 0, 0, 0, 1, 0.00181818, 1.48938, 0.097929)

[node name="Pillar2" type="CSGBox3D" parent="PillarRope"]
transform = Transform3D(0.707107, 0, 0.707107, 0, 1, 0, -0.707107, 0, 0.707107, -0.937059, 1.4665, 1.02452)
material_override = SubResource("StandardMaterial3D_pbhg3")
use_collision = true
size = Vector3(0.2, 3, 0.2)

[node name="PillarEnd" type="Node3D" parent="PillarRope/Pillar2"]
transform = Transform3D(1, 0, 0, 0, 1, 0, 0, 0, 1, 0.102865, 1.48938, -0.00311756)

[node name="MovingRope" type="Node3D" parent="."]
script = ExtResource("2_vutyd")
MovingPath = Vector3(7, 0, 0)
PathTime = 7.0
TransitionType = 7

[node name="CSGSphere3D" type="CSGCylinder3D" parent="MovingRope"]
transform = Transform3D(1.34495e-08, 0.307689, 0.951487, 1, -4.37114e-08, 0, 4.15908e-08, 0.951487, -0.307689, 2.70222, -0.456735, 5.41533)
material_override = SubResource("StandardMaterial3D_pbhg3")
use_collision = true
radius = 1.46126
height = 3.10616
sides = 50

[node name="MovingCylinder" type="CSGCylinder3D" parent="MovingRope" node_paths=PackedStringArray("MovingNode")]
transform = Transform3D(0.999993, 0.00371743, -1.62487e-10, -3.88745e-16, -4.37114e-08, -1, -0.00371743, 0.999993, -4.37111e-08, -0.297686, 1.49849, 5.83115)
use_collision = true
collision_layer = 2
collision_mask = 0
sides = 20
smooth_faces = false
script = ExtResource("2_vutyd")
MovingNode = NodePath(".")
MovingPath = Vector3(3, 0, 0)
PathTime = 5.0
TransitionType = 1

[node name="VerletRope" type="MeshInstance3D" parent="MovingRope"]
transform = Transform3D(1, 0, 0, 0, 1, 0, 0, 0, 1, 6.46091, 1.79536, 2.51642)
material_override = ExtResource("2_dar0o")
mesh = SubResource("ImmediateMesh_dar0o")
script = ExtResource("2_lows4")
RopeCollisionBehavior = 2
RopeLength = 3.0
